City	Jahr	stock	v	rent	emp	gva
Berlin	1990	14293338	0.6	25.56	NA	NA
Berlin	1991	14320938	0.7	28.63	NA	57572024000
Berlin	1992	14354538	1.3	28.63	NA	63231091000
Berlin	1993	14535338	1.4	25.56	567948	67663640000
Berlin	1994	14711538	2.3	20.96	573268	69686040000
Berlin	1995	15156038	5.4	17.38	566712	72275606000
Berlin	1996	15412238	7.1	15.34	562208	71235744000
Berlin	1997	16004038	8.2	16.36	555132	70387089000
Berlin	1998	16520838	9	18.92	554100	70182547000
Berlin	1999	16927138	8.6	19.94	555533	70130832000
Berlin	2000	17067338	7.6	20.96	570991	70541702000
Berlin	2001	17251338	6.8	20.96	572790	70915891000
Berlin	2002	17523538	7.6	18.7	572853	70977895000
Berlin	2003	17697208	9	16.9	567289	70383236000
Berlin	2004	17868708	9.5	15.2	566863	70119109000
Berlin	2005	17990508	9.3	14.9	568575	71331081000
Berlin	2006	18071000	9.1	15.3	576763	72665099000
Berlin	2007	18126066	8.6	15.5	590605	NA
Berlin	2008	18219986	8	15.9	NA	NA
Bochum	1990	1183795	1.5	7.45	NA	NA
Bochum	1991	1188993	1.5	8.02	52157	8688857000
Bochum	1992	1211847	1.7	8.59	53373	8907763000
Bochum	1993	1217150	2.6	9.16	54315	8532531000
Bochum	1994	1230201	3.3	8.59	54005	8813291000
Bochum	1995	1259161	4	8.59	53706	9427501000
Bochum	1996	1283299	3.9	8.02	54434	9287106000
Bochum	1997	1285573	3.9	8.02	54617	9660646000
Bochum	1998	1287459	3.5	8.02	54631	10221329000
Bochum	1999	1289955	3.5	8.3	55580	9878756000
Bochum	2000	1300355	3.5	8.82	57015	10084949000
Bochum	2001	1309075	3.4	9.41	56704	9569697000
Bochum	2002	1344675	3.7	9.43	56809	9734802000
Bochum	2003	1372355	4	9.2	55924	9877874000
Bochum	2004	1400123	4.4	9	55263	9917922000
Bochum	2005	1409243	4.4	9	55018	10035556000
Bochum	2006	1431230	4.8	9	55922	10516046000
Bochum	2007	1438621	5.3	9	56203	NA
Bochum	2008	1450140	5.6	9	NA	NA
Bonn	1990	2048536	1	14.32	NA	NA
Bonn	1991	2120883	0.9	15.34	92429	8798545000
Bonn	1992	2188547	0.9	15.34	97149	9376466000
Bonn	1993	2278050	0.9	16.36	99454	9718774000
Bonn	1994	2347779	0.9	15.34	100939	9988403000
Bonn	1995	2539944	1.4	14.32	98331	10181258000
Bonn	1996	2568356	1.8	14.32	101308	9933261000
Bonn	1997	2622809	1.7	12.78	101162	9785568000
Bonn	1998	2635437	1.7	11.25	103981	9856797000
Bonn	1999	2659649	1.7	10.48	105118	9911321000
Bonn	2000	2720849	1.8	10.74	101403	9847544000
Bonn	2001	2807719	2.8	11.76	99605	9901272000
Bonn	2002	2943719	5.1	11	100967	10803773000
Bonn	2003	3019709	5.6	10	100280	10214357000
Bonn	2004	3035434	6.3	10	100311	10401239000
Bonn	2005	3045921	5.6	9.5	100391	10553990000
Bonn	2006	3091048	4.9	9.5	102485	11343095000
Bonn	2007	3126663	4.3	10	101729	NA
Bonn	2008	3145958	4	10.5	NA	NA
Bremen	1990	1750648	0.6	6.65	NA	NA
Bremen	1991	1790448	0.6	6.65	108300	14039144768
Bremen	1992	1841748	0.8	7.16	111406	14590073000
Bremen	1993	1873948	0.8	8.18	112124	14660049457
Bremen	1994	1929248	0.5	9.2	112097	15230217000
Bremen	1995	1991548	1.2	9.2	108499	15597186000
Bremen	1996	2024648	1.7	10.23	106770	15586267000
Bremen	1997	2039248	2.5	9.2	106160	16236935000
Bremen	1998	2114848	4.1	8.69	104634	16398197000
Bremen	1999	2115048	3.2	8.69	104518	16389634000
Bremen	2000	2145548	2.3	8.69	105631	17058883000
Bremen	2001	2182608	3.8	8.7	107065	17638074000
Bremen	2002	2234798	5.1	8.5	108603	18154542000
Bremen	2003	2268968	5.7	8	109050	18430651000
Bremen	2004	2278403	5.5	7.5	107811	18870116000
Bremen	2005	2304405	5.2	7.5	107812	19102147000
Bremen	2006	2341975	4.9	7.5	108663	19596255000
Bremen	2007	2384395	4.6	7.5	111138	NA
Bremen	2008	2410035	4.6	7.5	NA	NA
Chemnitz	1990	832267	3.6	20.45	NA	NA
Chemnitz	1991	833117	3.6	20.45	NA	2872745971
Chemnitz	1992	834222	3.6	17.9	NA	3495270000
Chemnitz	1993	850797	6.5	15.34	58951	4158035608
Chemnitz	1994	880122	10.2	12.27	58352	4780523000
Chemnitz	1995	922537	11.9	11.25	56771	5182614000
Chemnitz	1996	959937	14.6	10.23	54988	5287742000
Chemnitz	1997	1126707	10.7	10.23	53375	5221257000
Chemnitz	1998	1167337	12	9.71	52581	5140875000
Chemnitz	1999	1182892	12.7	8.69	51461	5195214000
Chemnitz	2000	1190542	12.6	8.18	50526	5159975000
Chemnitz	2001	1198362	12.5	7.8	49363	5307940000
Chemnitz	2002	1202867	13.7	7.5	48958	5474351000
Chemnitz	2003	1217572	14.5	7.5	47580	5515297000
Chemnitz	2004	1229557	14.4	7	46865	5603464000
Chemnitz	2005	1240437	14.3	6.4	45897	5662326000
Chemnitz	2006	1242542	14.5	6.1	46423	5927950000
Chemnitz	2007	1244622	14.1	6.3	47778	NA
Chemnitz	2008	1246222	13.8	6.5	NA	NA
Cottbus	1990	429267	3.5	11.76	NA	NA
Cottbus	1991	429352	3.5	11.76	NA	1144307689
Cottbus	1992	429352	3.5	11.76	NA	1472098000
Cottbus	1993	439467	4.6	11.76	24650	1812514554
Cottbus	1994	467007	5.4	10.23	25347	2116604000
Cottbus	1995	487492	6.2	9.2	24845	2306921000
Cottbus	1996	504917	8.9	8.69	25196	2377929000
Cottbus	1997	515202	11.6	7.67	24924	2550511000
Cottbus	1998	532627	13.1	7.67	23769	2445198000
Cottbus	1999	549032	13.7	7.67	23265	2478709000
Cottbus	2000	554472	14.4	6.9	22783	2424650000
Cottbus	2001	565522	14.1	6.65	22150	2474276000
Cottbus	2002	567214	14.5	6.5	21199	2448668000
Cottbus	2003	567384	19.2	6.5	21310	2550306000
Cottbus	2004	585617	20.5	6.3	21775	2726286000
Cottbus	2005	585689	21.3	6.2	21109	2664984000
Cottbus	2006	583952	20.9	6.3	21020	2652221000
Cottbus	2007	585656	20.5	6.3	21426	NA
Cottbus	2008	586056	20.1	6.5	NA	NA
Dortmund	1990	1935561	0.9	9.2	NA	NA
Dortmund	1991	1962217	1	10.23	88822	11872704000
Dortmund	1992	2012696	1	11.25	90807	12311165000
Dortmund	1993	2037067	1.3	11.76	90930	12495303000
Dortmund	1994	2059787	2.7	11.76	90614	12396757000
Dortmund	1995	2071984	4.4	11.25	88318	12689906000
Dortmund	1996	2095039	4.8	10.74	87817	12436831000
Dortmund	1997	2110334	4	10.23	89289	13063019000
Dortmund	1998	2121557	3.1	9.71	89662	13204295000
Dortmund	1999	2134413	2.6	10.23	89503	12892017000
Dortmund	2000	2169937	2.2	10.23	93403	13226026000
Dortmund	2001	2218407	2.8	11.25	94352	13964482000
Dortmund	2002	2288447	4.3	10.5	95955	14166566000
Dortmund	2003	2308847	4.8	10.5	96096	14768783000
Dortmund	2004	2328567	4.9	10.5	97288	15638182000
Dortmund	2005	2389438	6.7	10.5	98156	16231353000
Dortmund	2006	2410093	6.4	10	97065	16700083000
Dortmund	2007	2414768	5.4	10	99880	NA
Dortmund	2008	2440570	3.9	10	NA	NA
Dresden	1990	1203941	0.4	20.45	NA	NA
Dresden	1991	1204791	0.4	20.45	NA	4768991946
Dresden	1992	1210401	0.4	17.9	NA	5889540000
Dresden	1993	1243976	0.4	15.34	93416	7040649314
Dresden	1994	1479086	8.7	13.29	99734	8123557000
Dresden	1995	1729786	12.9	12.27	100928	8998892000
Dresden	1996	2019686	17.8	12.27	100009	9365836000
Dresden	1997	2286486	17.5	11.25	98391	9493114000
Dresden	1998	2432186	19.3	10.23	97865	9595015000
Dresden	1999	2605286	10.4	9.2	98777	10014466000
Dresden	2000	2577086	11.6	8.44	100662	10286944000
Dresden	2001	2594086	13.5	8.3	102048	11089176000
Dresden	2002	2600886	11.2	8.3	102172	12002264000
Dresden	2003	2617886	11.5	7.8	102175	12756144000
Dresden	2004	2628766	11.8	7.6	102188	13492587000
Dresden	2005	2632931	11.8	7.4	104655	13104779000
Dresden	2006	2652932	11.6	7.4	107156	13367078000
Dresden	2007	2653357	11.3	8.4	111016	NA
Dresden	2008	2665257	11.1	8.4	NA	NA
Duisburg	1990	1130019	1.8	7.67	NA	NA
Duisburg	1991	1143823	1.7	9.2	64701	9794500000
Duisburg	1992	1156051	1.7	9.71	65631	9545452000
Duisburg	1993	1177186	2.5	10.23	65619	9405370000
Duisburg	1994	1185959	4.2	10.23	63707	9558653000
Duisburg	1995	1186763	5.1	10.23	61467	10554198000
Duisburg	1996	1205532	4.1	9.71	61674	10050325000
Duisburg	1997	1225140	4.9	9.2	61531	10202670000
Duisburg	1998	1254868	4	9.2	62585	10856039000
Duisburg	1999	1280706	3.9	9.2	63944	10592344000
Duisburg	2000	1293635	3.1	9.46	65115	10976782000
Duisburg	2001	1339195	3	9.71	64454	10942898000
Duisburg	2002	1365290	3.3	9.8	64067	10901651000
Duisburg	2003	1402265	3.4	9.5	65002	11479117000
Duisburg	2004	1428386	3.2	9.5	66416	11878899000
Duisburg	2005	1458774	4	9.5	65814	12262352000
Duisburg	2006	1464894	3.5	9.5	65704	12088845000
Duisburg	2007	1497945	3.3	10	66828	NA
Duisburg	2008	1510350	3	10.5	NA	NA
Düsseldorf	1990	4810270	1.4	13.55	NA	NA
Düsseldorf	1991	5050233	0.6	17.38	199186	24918946000
Düsseldorf	1992	5208538	1.4	18.66	204511	26366008000
Düsseldorf	1993	5343490	2.4	17.77	204045	26539174000
Düsseldorf	1994	5434809	3.3	16.49	201427	27257182000
Düsseldorf	1995	5625449	3.9	15.85	193223	28039697000
Düsseldorf	1996	5781360	6.1	15.08	194468	27766038000
Düsseldorf	1997	5879514	6.3	14.83	197250	28879168000
Düsseldorf	1998	5985163	5.9	15.08	204914	29581750000
Düsseldorf	1999	6096419	4.5	15.08	206788	30588303000
Düsseldorf	2000	6163537	3.8	15.98	212784	30853796000
Düsseldorf	2001	6360000	3.5	16.49	216211	32345074000
Düsseldorf	2002	6537000	7.2	16.7	217861	31907584000
Düsseldorf	2003	6701000	10.4	16.5	215451	32175265000
Düsseldorf	2004	6800000	11.3	16.1	212784	32613238000
Düsseldorf	2005	6895470	11.4	15.5	214598	32924848000
Düsseldorf	2006	6933846	10.8	15.7	216992	34127662000
Düsseldorf	2007	6977450	9.3	16.7	220476	NA
Düsseldorf	2008	7063130	8.6	16.95	NA	NA
Frankfurt.(Main)	1990	6662371	2.3	22.5	NA	NA
Frankfurt.(Main)	1991	6921231	2.2	26.84	285622	30712991707
Frankfurt.(Main)	1992	7060379	4.7	25.05	290277	32609651000
Frankfurt.(Main)	1993	7400172	7.9	23.33	291045	33330342754
Frankfurt.(Main)	1994	7475547	8.5	20.96	290005	34192608000
Frankfurt.(Main)	1995	7557800	11.7	19.3	278776	35982591000
Frankfurt.(Main)	1996	7725925	10.1	18.28	279638	37295787000
Frankfurt.(Main)	1997	7831809	8.7	18.02	280869	37498085000
Frankfurt.(Main)	1998	7961204	6.7	19.49	282932	36798340000
Frankfurt.(Main)	1999	8099534	5.5	21.41	290174	39651609000
Frankfurt.(Main)	2000	8210041	2	24.09	300092	39733654000
Frankfurt.(Main)	2001	8483558	2.9	27.48	307066	41818837000
Frankfurt.(Main)	2002	8784076	9.7	24.4	307461	41901656000
Frankfurt.(Main)	2003	9290262	15.8	19.4	299141	42564915000
Frankfurt.(Main)	2004	9526316	19.7	18.3	293464	43407526000
Frankfurt.(Main)	2005	9638261	19.5	17.5	292134	44037382000
Frankfurt.(Main)	2006	9771214	18.2	18	293037	45103795000
Frankfurt.(Main)	2007	9797394	15.9	18.9	299774	NA
Frankfurt.(Main)	2008	9812428	15.7	18.9	NA	NA
Freiburg.(Breisgau)	1990	933572	1.9	9.71	NA	NA
Freiburg.(Breisgau)	1991	941392	2.1	11.76	46651	4725526167
Freiburg.(Breisgau)	1992	964257	2.6	12.78	48436	5058972000
Freiburg.(Breisgau)	1993	974712	2.6	12.78	47871	5192053374
Freiburg.(Breisgau)	1994	1017127	2.5	11.25	48905	5458026000
Freiburg.(Breisgau)	1995	1056652	4.7	10.23	47740	5627531000
Freiburg.(Breisgau)	1996	1086062	4.1	9.71	48357	5762361000
Freiburg.(Breisgau)	1997	1100512	4.5	9.2	49316	5647848000
Freiburg.(Breisgau)	1998	1102807	5	8.69	49289	6302422000
Freiburg.(Breisgau)	1999	1134257	4.4	8.69	49385	6071865000
Freiburg.(Breisgau)	2000	1140717	3.1	9.2	49947	6192976000
Freiburg.(Breisgau)	2001	1174547	2.1	9	50680	6383415000
Freiburg.(Breisgau)	2002	1178746	1.7	9	51284	7000738000
Freiburg.(Breisgau)	2003	1213137	1.6	9	51056	6684832000
Freiburg.(Breisgau)	2004	1227196	1.6	9	50906	6757350000
Freiburg.(Breisgau)	2005	1228983	1.6	9	51284	6888667000
Freiburg.(Breisgau)	2006	1228661	1.6	9.1	51780	7007880000
Freiburg.(Breisgau)	2007	1233701	1.2	9.3	53173	NA
Freiburg.(Breisgau)	2008	1256901	1.2	9.5	NA	NA
Halle.(Saale)	1990	920555	0.5	12.78	NA	NA
Halle.(Saale)	1991	921405	1.1	11.76	NA	2705419004
Halle.(Saale)	1992	929905	1.6	11.25	NA	3410055000
Halle.(Saale)	1993	948010	2.1	10.23	51895	4091133924
Halle.(Saale)	1994	954130	2.6	10.23	52721	4640304000
Halle.(Saale)	1995	1001900	3	10.23	51904	4567802000
Halle.(Saale)	1996	1018050	6.9	9.71	50844	4753693000
Halle.(Saale)	1997	1091575	10.1	8.69	49281	4767175000
Halle.(Saale)	1998	1157875	10.4	8.18	47126	4654210000
Halle.(Saale)	1999	1181845	11.8	7.67	46511	4723680000
Halle.(Saale)	2000	1199525	12.5	7.16	44580	4496846000
Halle.(Saale)	2001	1205305	12.7	6.9	43900	4577352000
Halle.(Saale)	2002	1213550	13.7	6.9	43028	4806187000
Halle.(Saale)	2003	1216780	13.1	6	42408	4807161000
Halle.(Saale)	2004	1217375	14	6	42719	4992482000
Halle.(Saale)	2005	1224141	13.1	6	41662	4814771000
Halle.(Saale)	2006	1223925	13.1	6	40646	4818687000
Halle.(Saale)	2007	1238485	12.1	6	40353	NA
Halle.(Saale)	2008	1239685	11.9	6.3	NA	NA
Hamburg	1990	9505600	2	13.55	NA	NA
Hamburg	1991	9654000	0.9	16.36	403851	50965431000
Hamburg	1992	9974800	2	17.38	416884	53251873000
Hamburg	1993	10484400	3.9	17.9	420730	55129680000
Hamburg	1994	10763800	4.4	16.36	419617	56849012000
Hamburg	1995	11010100	4.8	15.08	409454	58636353000
Hamburg	1996	11122200	5.8	14.83	407272	59927704000
Hamburg	1997	11160200	6.5	13.8	407959	61867205000
Hamburg	1998	11252600	6.1	13.8	410616	63287872000
Hamburg	1999	11325800	4.9	14.32	418005	63557629000
Hamburg	2000	11437600	2.5	16.11	432983	65297049000
Hamburg	2001	11579600	2.5	16.36	447609	68870593000
Hamburg	2002	11915600	6.4	15.8	443780	69973092000
Hamburg	2003	12113200	8.7	15	436561	70213106000
Hamburg	2004	12196500	8.9	14.4	434598	71684986000
Hamburg	2005	12315000	8.5	14.4	436797	73600942000
Hamburg	2006	12468000	8.5	15.1	444044	76710066000
Hamburg	2007	12629925	7.8	15	455344	NA
Hamburg	2008	12790583	6.9	15.7	NA	NA
Hannover	1990	2434699	0.4	8.69	NA	NA
Hannover	1991	2489184	0.4	10.23	148745	16381430761
Hannover	1992	2609629	2.1	12.78	153235	17433050947
Hannover	1993	2706104	3	11.76	156381	17750861826
Hannover	1994	2764839	5.4	11.76	155021	18402575000
Hannover	1995	2796119	4.5	10.74	150277	18579251000
Hannover	1996	2808699	5.3	10.23	150670	18038144000
Hannover	1997	2823829	4.6	9.2	149587	18329618000
Hannover	1998	2854769	4.6	9.2	149088	18902993000
Hannover	1999	2931609	4.4	9.2	150506	19338271000
Hannover	2000	2956004	4.1	10.2	154346	19142268000
Hannover	2001	2982779	4.9	10.2	149873	18713243000
Hannover	2002	3061404	4.7	10.2	151989	18796447000
Hannover	2003	3099994	5.8	10	149058	19293933000
Hannover	2004	3116650	5.9	9.8	148850	19270804000
Hannover	2005	3126055	6.2	9.5	144832	21558566000
Hannover	2006	3151592	5.6	9.5	143836	22155696928
Hannover	2007	3162692	4.9	9.5	143944	NA
Hannover	2008	3178285	4.4	9.5	NA	NA
Karlsruhe	1990	1616629	6.8	8.18	NA	NA
Karlsruhe	1991	1658194	6.6	9.2	80637	8556089879
Karlsruhe	1992	1694744	7.1	10.23	82258	9174646000
Karlsruhe	1993	1772859	6.8	9.2	84170	9448513643
Karlsruhe	1994	1818164	6.6	9.2	84224	10030308000
Karlsruhe	1995	1839159	6.8	8.18	82345	10323737000
Karlsruhe	1996	1884889	5.8	7.67	81925	10773306000
Karlsruhe	1997	2012049	7.7	7.67	82723	10792971000
Karlsruhe	1998	2024629	6.9	7.16	82694	10611031000
Karlsruhe	1999	2041459	6.1	7.16	83938	10564453000
Karlsruhe	2000	2082769	7	7.67	86124	10879689000
Karlsruhe	2001	2099854	5.5	8.18	86613	11206194000
Karlsruhe	2002	2139490	6.1	8	88008	11064029000
Karlsruhe	2003	2177060	6	8	87995	11122655000
Karlsruhe	2004	2186954	6.2	8	87721	11625692000
Karlsruhe	2005	2190354	6.4	8	88777	11739431000
Karlsruhe	2006	2191204	5.9	8	89368	12101370000
Karlsruhe	2007	2234554	4.9	8	91130	NA
Karlsruhe	2008	2262774	5.5	8	NA	NA
Kassel	1990	796816	1.9	6.65	NA	NA
Kassel	1991	798516	1.9	7.16	44615	5715775075
Kassel	1992	811266	1.8	7.67	46227	6025513000
Kassel	1993	844416	2.6	8.69	46596	6025764614
Kassel	1994	904766	3.5	8.18	46415	6080430000
Kassel	1995	926526	3.5	8.18	45242	6118876000
Kassel	1996	930351	2.7	8.18	44116	6142534000
Kassel	1997	982116	3.1	6.65	44154	6300667000
Kassel	1998	990361	3	6.65	43871	6276312000
Kassel	1999	1004131	3.5	6.14	43237	6407191000
Kassel	2000	1017841	3.4	5.88	43066	6278409000
Kassel	2001	1022703	4.1	6.14	42337	6489116000
Kassel	2002	1026486	5.4	5.8	42772	6656536000
Kassel	2003	1039823	6.7	5.7	42843	6869521000
Kassel	2004	1047201	7.6	5.5	42864	6899252000
Kassel	2005	1047631	7.8	5.4	43020	7108707000
Kassel	2006	1045833	7.6	5.5	43636	7533602000
Kassel	2007	1047521	7.2	5.5	45011	NA
Kassel	2008	1054721	7.1	5.5	NA	NA
Kiel	1990	1228042	1.2	7.67	NA	NA
Kiel	1991	1235352	1.2	8.95	57297	6112588161
Kiel	1992	1256857	1.2	9.71	58695	6455859000
Kiel	1993	1260682	1	11.25	58909	6535556551
Kiel	1994	1288477	0.9	11.25	58997	6667548000
Kiel	1995	1311047	0.9	10.23	57396	6948677000
Kiel	1996	1313231	0.8	9.2	57354	7083620000
Kiel	1997	1317322	1.1	8.18	57135	7111407000
Kiel	1998	1324556	1.1	7.67	56883	7083515000
Kiel	1999	1331450	1.1	7.67	57178	7213911000
Kiel	2000	1339131	1.1	7.93	58753	7322625000
Kiel	2001	1341674	1.1	7.93	58339	7437979000
Kiel	2002	1346103	1.1	7.6	59420	7100990000
Kiel	2003	1355700	2.2	7.5	58082	7355503000
Kiel	2004	1357978	2.2	7	58245	7355897000
Kiel	2005	1359253	2.2	6.7	58103	7411394000
Kiel	2006	1363197	3.7	7	58661	7803100000
Kiel	2007	1364222	3.3	7	59374	NA
Kiel	2008	1369022	3.3	7	NA	NA
Köln	1990	5484800	0.7	12.27	NA	NA
Köln	1991	5558300	0.2	13.8	228895	27492580000
Köln	1992	5676400	0.6	14.83	234025	29271906000
Köln	1993	5861300	2.4	15.34	234178	29728664000
Köln	1994	5996500	3.9	13.29	233950	31095574000
Köln	1995	6034800	3.6	13.29	230181	32525181000
Köln	1996	6100900	3.7	11.76	231102	32310354000
Köln	1997	6123800	3.9	11.76	235985	33578711000
Köln	1998	6119200	3.6	12.27	238067	34175098000
Köln	1999	6165200	2.7	12.78	245738	34464775000
Köln	2000	6188000	2.2	12.78	254266	33722128000
Köln	2001	6372700	2.5	12.78	257596	35210195000
Köln	2002	6514100	4.3	12.7	261337	35098492000
Köln	2003	6743300	6.7	12	258167	35028267000
Köln	2004	6906100	8.8	11.7	253085	35944224000
Köln	2005	6996400	9.3	11.7	252940	35698087000
Köln	2006	7072000	10	11.7	253466	37917875000
Köln	2007	7115943	8.7	12.7	257949	NA
Köln	2008	7196482	8.4	14.9	NA	NA
Leipzig	1990	1602528	0.6	20.45	NA	NA
Leipzig	1991	1603378	0.6	18.92	NA	4855962907
Leipzig	1992	1605418	0.6	17.9	NA	6122465000
Leipzig	1993	1614853	1.4	15.34	92656	7435390715
Leipzig	1994	1711838	2.3	13.8	95545	8676291000
Leipzig	1995	1971638	15.2	13.29	94586	9349235000
Leipzig	1996	2279738	21.9	12.78	93096	9462946000
Leipzig	1997	2565038	33.1	11.25	89610	9312617000
Leipzig	1998	2670038	30.7	9.71	90404	9216998000
Leipzig	1999	2674338	30.7	8.69	88935	9445284000
Leipzig	2000	2678938	29.9	7.67	91126	9585487000
Leipzig	2001	2682593	28.7	7.41	90674	9909154000
Leipzig	2002	2695258	28.2	7.5	91539	10275763000
Leipzig	2003	2722416	27.7	7.5	92386	10490825000
Leipzig	2004	2723606	27.7	7.5	91993	10678374000
Leipzig	2005	2729556	27.5	7.5	91461	10855305000
Leipzig	2006	2737808	27.2	7.5	92698	11611424000
Leipzig	2007	2741378	26.3	7.5	94532	NA
Leipzig	2008	2749198	25.1	7.5	NA	NA
Leverkusen	1990	565003	2.7	6.14	NA	NA
Leverkusen	1991	568992	2.6	6.14	23078	5209461000
Leverkusen	1992	585072	2.6	7.67	23048	5304168000
Leverkusen	1993	585749	3.4	7.67	22505	4985348000
Leverkusen	1994	587345	3.4	7.67	22478	5115712000
Leverkusen	1995	588903	3.4	7.67	21784	5593368000
Leverkusen	1996	591963	3.4	6.14	21911	5795235000
Leverkusen	1997	594456	3.4	6.14	21554	5440989000
Leverkusen	1998	594881	4.2	6.14	21429	5676362000
Leverkusen	1999	597695	4.2	6.14	21522	5189180000
Leverkusen	2000	602628	4.1	6.65	21942	5909515000
Leverkusen	2001	606862	4.1	7.2	22403	5495347000
Leverkusen	2002	610599	4.8	7.1	22623	6008060000
Leverkusen	2003	613417	6.4	7	22047	5982157000
Leverkusen	2004	614550	6.5	7	25825	6093292000
Leverkusen	2005	617309	6.5	6.5	25556	5816308000
Leverkusen	2006	616559	6.5	6.5	25003	5666696000
Leverkusen	2007	617237	6.2	6.5	25712	NA
Leverkusen	2008	617637	6.3	6.5	NA	NA
Lübeck	1990	647585	2.3	6.65	NA	NA
Lübeck	1991	663650	2.3	7.16	33648	4367269634
Lübeck	1992	668155	2.2	7.67	34526	4584864000
Lübeck	1993	679290	2.2	7.67	34600	4567867278
Lübeck	1994	681500	2.2	7.67	35081	4604312000
Lübeck	1995	686524	2.2	7.16	34527	4864576000
Lübeck	1996	687794	2.2	6.65	34567	5009937000
Lübeck	1997	694158	2.2	6.14	34397	5039391000
Lübeck	1998	705632	2.4	6.65	34193	5038444000
Lübeck	1999	706920	2.3	6.65	34491	5070074000
Lübeck	2000	718139	2.1	7.16	34914	5116482000
Lübeck	2001	729898	1.8	7.41	34622	5173864000
Lübeck	2002	734497	1.5	7.5	34414	5244818000
Lübeck	2003	736129	2.4	7	34143	5370343000
Lübeck	2004	749372	2.1	7	33886	5251976000
Lübeck	2005	755609	2.6	7.5	33383	5160130000
Lübeck	2006	754265	2.9	7.5	33766	5395179000
Lübeck	2007	755705	2.9	7.5	34158	NA
Lübeck	2008	783705	2.6	7.4	NA	NA
Magdeburg	1990	967825	1	16.36	NA	NA
Magdeburg	1991	968675	1	15.34	NA	2321261197
Magdeburg	1992	977175	1	14.32	NA	3032789000
Magdeburg	1993	1008710	3.5	13.8	56410	3805807290
Magdeburg	1994	1082575	6.5	12.78	56189	4454024000
Magdeburg	1995	1187380	10.1	11.76	55984	4458691000
Magdeburg	1996	1249685	12	11.25	54845	4565888000
Magdeburg	1997	1294770	12.4	10.23	54233	4729553000
Magdeburg	1998	1304092	13.8	9.2	53201	4877801000
Magdeburg	1999	1320509	15.9	8.18	53258	4751617000
Magdeburg	2000	1319950	15.2	7.67	53296	4800234000
Magdeburg	2001	1349619	10.7	7.67	53525	4944467000
Magdeburg	2002	1384809	11.2	7.7	53606	5111192000
Magdeburg	2003	1386509	12.3	7.5	53901	5192017000
Magdeburg	2004	1397814	12.5	7.5	50699	5192778000
Magdeburg	2005	1402149	10	7.6	49857	5187526000
Magdeburg	2006	1402149	10	8	49857	5320493000
Magdeburg	2007	1413909	9.5	8	51030	NA
Magdeburg	2008	1415749	9.3	8	NA	NA
Mainz	1990	1036721	1.4	9.2	NA	NA
Mainz	1991	1062102	1.4	10.74	55184	6066570536
Mainz	1992	1120998	1.4	11.25	56709	6324579000
Mainz	1993	1167944	1.7	11.25	56632	6290025290
Mainz	1994	1187128	2.3	10.74	56343	6168931000
Mainz	1995	1226738	3.3	9.71	53812	6321455000
Mainz	1996	1285728	2.7	9.2	54456	6331511000
Mainz	1997	1344208	3	9.2	55568	6634711000
Mainz	1998	1369878	3.5	9.2	56048	6684723000
Mainz	1999	1402178	3.9	9.2	57706	6817698000
Mainz	2000	1446799	4.1	9.46	58725	7066277000
Mainz	2001	1470897	3.4	9.71	59194	7139400000
Mainz	2002	1476082	4.7	9.5	59810	6902472000
Mainz	2003	1486197	6.5	9.5	59261	6806745000
Mainz	2004	1505492	6.6	9.2	58342	6706952000
Mainz	2005	1505492	6	9	58279	6734590000
Mainz	2006	1505492	6.4	9	59076	6902105000
Mainz	2007	1505492	5.6	9	58983	NA
Mainz	2008	1508543	5	9	NA	NA
München	1990	9790427	0.6	24.03	NA	NA
München	1991	9993413	1	24.41	401044	42694325446
München	1992	10127891	2.4	22.24	408499	45488398000
München	1993	10311136	4.1	20.96	407768	46074095744
München	1994	10404503	5.5	18.92	405077	47254967000
München	1995	10647846	4.2	18.02	394954	48968044000
München	1996	10765546	3.6	17.64	395640	50024440000
München	1997	10838646	3.3	18.28	399117	51139770000
München	1998	10986323	1.7	17.9	397414	52798307000
München	1999	11122837	1.4	19.17	399464	54739358000
München	2000	11355365	0.4	22.5	428935	55867878000
München	2001	11720665	1.5	22.75	444629	57149472000
München	2002	12096221	4.5	20.5	442305	58418243000
München	2003	12480286	7.9	18.25	431764	58263780000
München	2004	12779166	9.9	17.5	425027	60335228000
München	2005	12899666	9.6	16.75	429496	61196750000
München	2006	12936909	7.6	17.3	427966	62965077000
München	2007	13030958	7.8	17.5	434386	NA
München	2008	13207646	8.3	18.2	NA	NA
Münster	1990	1602076	1.2	7.41	NA	NA
Münster	1991	1605110	1.2	7.93	68181	6540637000
Münster	1992	1622702	1.5	9.46	70151	7009637000
Münster	1993	1652829	1.8	10.23	71241	7287612000
Münster	1994	1673258	2	9.71	72647	7411836000
Münster	1995	1707418	2.3	9.71	70469	7776927000
Münster	1996	1731297	2.9	9.2	70403	7797300000
Münster	1997	1759958	2.4	9.2	71649	8038693000
Münster	1998	1798099	2.5	8.69	72428	8238387000
Münster	1999	1842085	2.1	8.44	73662	8593061000
Münster	2000	1862237	2.3	8.69	76043	8597833000
Münster	2001	1891164	2.4	8.69	76559	8826406000
Münster	2002	1906596	2.7	9	77772	9027445000
Münster	2003	1919999	3.1	8.5	77901	9320482000
Münster	2004	1938170	3.6	8.5	77365	9638354000
Münster	2005	1970691	4.7	8.3	79372	9871171000
Münster	2006	1984546	4.8	8	79184	10454723000
Münster	2007	2020926	5.4	8	80013	NA
Münster	2008	2044148	5.6	8.5	NA	NA
Neuss.(Stadt)	1990	503056	4	9.2	NA	NA
Neuss.(Stadt)	1991	518356	3.9	9.71	20465	NA
Neuss.(Stadt)	1992	530256	7.5	9.71	21866	NA
Neuss.(Stadt)	1993	552356	5.4	9.2	22744	NA
Neuss.(Stadt)	1994	588056	5.1	9.2	24460	NA
Neuss.(Stadt)	1995	613556	4.9	8.69	23310	NA
Neuss.(Stadt)	1996	618656	4	9.2	23158	NA
Neuss.(Stadt)	1997	621349	6.4	9.71	23649	NA
Neuss.(Stadt)	1998	626540	7.2	9.71	23526	NA
Neuss.(Stadt)	1999	642254	6.5	9.71	24331	NA
Neuss.(Stadt)	2000	659941	4.5	9.71	24667	NA
Neuss.(Stadt)	2001	665288	5.6	9.71	25108	NA
Neuss.(Stadt)	2002	666104	11.2	9	25997	NA
Neuss.(Stadt)	2003	667227	11.2	8.5	25184	NA
Neuss.(Stadt)	2004	711294	14.1	8	24974	NA
Neuss.(Stadt)	2005	733934	13.6	8.5	25139	NA
Neuss.(Stadt)	2006	732938	13.9	8.5	25309	NA
Neuss.(Stadt)	2007	735712	12.2	8.5	25800	NA
Neuss.(Stadt)	2008	735712	12.5	8.7	NA	NA
Nürnberg	1990	2824242	3.6	7.67	NA	NA
Nürnberg	1991	2854678	4.6	8.18	127663	14090945515
Nürnberg	1992	2877004	4.4	8.95	132398	14967855000
Nürnberg	1993	2878116	4	9.71	132884	14999507287
Nürnberg	1994	2887348	3.8	9.2	132351	15326436000
Nürnberg	1995	2921418	4.5	8.9	129561	15793313000
Nürnberg	1996	2928118	4.3	8.18	128509	15990910000
Nürnberg	1997	2980318	5.2	8.18	128489	16164648000
Nürnberg	1998	2990418	4.6	8.18	128907	16837325000
Nürnberg	1999	2990518	3.4	8.18	130210	17012747000
Nürnberg	2000	3032818	3	8.44	133740	17489260000
Nürnberg	2001	3137436	5.3	8.44	133250	17514550000
Nürnberg	2002	3210111	6.4	8.2	132478	18179610000
Nürnberg	2003	3273235	7.7	8	130794	17949366000
Nürnberg	2004	3291839	7.6	8	130596	19426815000
Nürnberg	2005	3300084	8.7	8	131714	19118839000
Nürnberg	2006	3329855	8.2	7.8	134005	19445885000
Nürnberg	2007	3351700	7.4	8	136689	NA
Nürnberg	2008	3399844	7.2	8	NA	NA
Oberhausen	1990	390751	1.8	6.39	NA	NA
Oberhausen	1991	393846	1.8	7.67	24818	3208590000
Oberhausen	1992	403792	1.7	8.18	25343	3440089000
Oberhausen	1993	419671	2.4	8.18	25327	3443384000
Oberhausen	1994	437689	2.3	8.18	25619	3357512000
Oberhausen	1995	444432	2.3	8.18	25610	3424464000
Oberhausen	1996	447205	3.4	7.67	24853	3508364000
Oberhausen	1997	460448	5.4	7.67	24789	3935021000
Oberhausen	1998	460630	5.9	7.67	24514	3659082000
Oberhausen	1999	461679	6.5	7.67	24607	3701991000
Oberhausen	2000	464027	5.4	7.67	24828	3851633000
Oberhausen	2001	464980	5.4	7.67	24911	3809055000
Oberhausen	2002	466455	5.4	7	25036	4157270000
Oberhausen	2003	469654	7	7	24541	4036307000
Oberhausen	2004	472659	7.4	7	24362	4182101000
Oberhausen	2005	473695	6.3	7	24052	4140765000
Oberhausen	2006	479366	4.2	7	24113	4193681000
Oberhausen	2007	481547	5.2	7	24428	NA
Oberhausen	2008	483547	6.2	7	NA	NA
Potsdam	1990	703452	1.4	15.34	NA	NA
Potsdam	1991	703622	1.4	14.32	NA	1508257146
Potsdam	1992	708977	2.1	17.9	NA	1928472000
Potsdam	1993	626000	2.9	16.36	36033	2326218186
Potsdam	1994	686000	3.4	15.34	37378	2674304000
Potsdam	1995	756000	3.7	12.27	36928	2906057000
Potsdam	1996	877000	4.9	10.74	37225	2996367000
Potsdam	1997	968000	7.5	9.71	33869	3141839000
Potsdam	1998	1007000	8.2	9.2	33782	3255431000
Potsdam	1999	1069000	8.5	8.95	33523	3242622000
Potsdam	2000	1145000	6.8	9.71	34166	3385684000
Potsdam	2001	1157000	5.4	9.7	33794	3377120000
Potsdam	2002	1172000	5.6	9.5	32766	3398977000
Potsdam	2003	1182000	6.3	9	33331	3572691000
Potsdam	2004	1185000	6.3	8	34868	3937013000
Potsdam	2005	1188000	5.6	8	35389	3957275000
Potsdam	2006	1223000	5.6	8	36176	3969510000
Potsdam	2007	1278497	5.1	8	37695	NA
Potsdam	2008	1286897	4.9	8	NA	NA
Regensburg	1990	640259	3.9	7.41	NA	NA
Regensburg	1991	688154	3.6	8.69	35934	4803165497
Regensburg	1992	712710	3.5	10.74	37315	5126768000
Regensburg	1993	744938	6	10.23	37974	5185748581
Regensburg	1994	755684	7.9	9.2	38531	5371675000
Regensburg	1995	794940	7.9	8.69	37647	5622724000
Regensburg	1996	798340	8.1	8.69	37797	5792693000
Regensburg	1997	800040	8.1	7.67	37859	5958372000
Regensburg	1998	816615	8	7.67	38090	6141282000
Regensburg	1999	831915	7.2	7.67	39415	6517849000
Regensburg	2000	838290	6	7.93	40353	6744282000
Regensburg	2001	876962	5.7	7.93	41364	6493837000
Regensburg	2002	903737	7.7	7.5	41509	6523704000
Regensburg	2003	907987	7.7	7.5	42139	6955282000
Regensburg	2004	910112	7.7	7	42327	7375322000
Regensburg	2005	914998	7.7	6.5	42930	7472988000
Regensburg	2006	919059	9.2	7	43135	7748240000
Regensburg	2007	944729	8.5	7.3	44203	NA
Regensburg	2008	948329	7.4	7.4	NA	NA
Rostock	1990	612425	1.2	15.34	NA	NA
Rostock	1991	619595	0.8	15.34	NA	2414479550
Rostock	1992	658401	4.6	15.34	NA	2950633000
Rostock	1993	688735	7.3	14.32	41962	3310205180
Rostock	1994	715995	9.1	12.78	42421	3693833000
Rostock	1995	747796	7.4	11.76	41646	4032444000
Rostock	1996	771625	9.7	10.23	38616	4183372000
Rostock	1997	803879	11.8	9.71	35725	4039764000
Rostock	1998	842451	15.4	9.2	35281	4005302000
Rostock	1999	856336	15.8	9.2	35622	4298136000
Rostock	2000	885679	17.5	8.69	35476	4309016000
Rostock	2001	896483	15.1	8.69	35429	4152237000
Rostock	2002	900872	15	8	34982	4170272000
Rostock	2003	915958	14.7	7.5	34483	4142723000
Rostock	2004	920777	14.7	7	33935	4405592000
Rostock	2005	955356	10.5	7.5	33673	4494923000
Rostock	2006	952815	10.5	8	34999	4556504000
Rostock	2007	956694	9.4	7.8	35777	NA
Rostock	2008	966694	9.3	7.8	NA	NA
Saarbrücken.(Stadt)	1990	1119082	1.1	7.67	NA	NA
Saarbrücken.(Stadt)	1991	1124182	1.3	7.67	45527	NA
Saarbrücken.(Stadt)	1992	1141182	1.3	8.18	46359	NA
Saarbrücken.(Stadt)	1993	1143732	1.3	8.18	46617	NA
Saarbrücken.(Stadt)	1994	1150532	1.7	8.69	47129	NA
Saarbrücken.(Stadt)	1995	1161582	2.2	8.69	46605	NA
Saarbrücken.(Stadt)	1996	1162857	2.1	8.18	46924	NA
Saarbrücken.(Stadt)	1997	1175267	3.4	7.16	47304	NA
Saarbrücken.(Stadt)	1998	1184787	3.4	7.16	47926	NA
Saarbrücken.(Stadt)	1999	1204167	3.3	7.41	48666	NA
Saarbrücken.(Stadt)	2000	1218991	2.9	7.41	49403	NA
Saarbrücken.(Stadt)	2001	1241600	2.8	7.2	50388	NA
Saarbrücken.(Stadt)	2002	1250432	2.8	6.8	48742	NA
Saarbrücken.(Stadt)	2003	1261321	2.4	6.3	48766	NA
Saarbrücken.(Stadt)	2004	1267246	2.4	5.5	48549	NA
Saarbrücken.(Stadt)	2005	1277265	2.7	5.5	48653	NA
Saarbrücken.(Stadt)	2006	1271766	2.4	6.2	49054	NA
Saarbrücken.(Stadt)	2007	1272326	2.4	6.5	49312	NA
Saarbrücken.(Stadt)	2008	1272326	2.4	6.9	NA	NA
Schwerin	1990	519738	1.4	15.34	NA	NA
Schwerin	1991	520420	2.3	15.34	NA	1159750981
Schwerin	1992	521413	5.8	12.78	NA	1486410000
Schwerin	1993	536670	6.5	10.23	30264	1857569797
Schwerin	1994	546020	6.4	11.25	31037	2251106000
Schwerin	1995	603247	5.8	9.2	30326	2397495000
Schwerin	1996	613961	7.3	9.2	27214	2495652000
Schwerin	1997	645486	8.5	8.69	25864	2518934000
Schwerin	1998	666729	9.7	8.18	25207	2493479000
Schwerin	1999	674678	10.4	7.67	25205	2520347000
Schwerin	2000	683284	10.2	7.16	24828	2416745000
Schwerin	2001	688766	9.4	7.41	24334	2490415000
Schwerin	2002	696147	9.3	7	23570	2521052000
Schwerin	2003	697995	12.3	6.75	23170	2542975000
Schwerin	2004	698745	12.3	6.2	22979	2614630000
Schwerin	2005	698825	12.9	5.5	23249	2646409000
Schwerin	2006	698277	12.9	5.5	23574	2704161000
Schwerin	2007	702096	12.8	5.6	23665	NA
Schwerin	2008	703696	12.8	5.5	NA	NA
Stuttgart	1990	5111595	1.4	12.27	NA	NA
Stuttgart	1991	5308295	1.2	13.29	206674	23348236869
Stuttgart	1992	5489995	1.6	14.32	212166	24312278000
Stuttgart	1993	5818595	2.5	13.29	210883	23357690012
Stuttgart	1994	6124595	4.7	12.78	208525	23326806000
Stuttgart	1995	6244895	5.5	12.78	201414	23863756000
Stuttgart	1996	6294695	5.7	13.29	200153	24296672000
Stuttgart	1997	6404495	5	13.29	201465	25512046000
Stuttgart	1998	6431895	3	13.29	201579	24821103000
Stuttgart	1999	6442595	2.2	13.8	202785	25636221000
Stuttgart	2000	6494595	1.3	14.32	209753	25772597000
Stuttgart	2001	6709800	1.8	14.83	212612	27853536000
Stuttgart	2002	6960146	4.8	14.5	216276	28821803000
Stuttgart	2003	7043212	6.1	14	216079	29744023000
Stuttgart	2004	7170114	6.9	14	213703	29645329000
Stuttgart	2005	7213000	6.4	13.5	214873	29198239000
Stuttgart	2006	7259240	6.4	13.6	213920	30545398000
Stuttgart	2007	7287362	6.1	13.5	215418	NA
Stuttgart	2008	7379705	6.2	13.75	NA	NA
Ulm	1990	605157	2.5	8.69	NA	NA
Ulm	1991	610087	2.5	9.2	30048	4058532538
Ulm	1992	634992	2.4	10.23	30698	4238121000
Ulm	1993	642727	4.2	11.25	31316	4099757366
Ulm	1994	656752	4.6	9.71	31478	4130614000
Ulm	1995	669757	4.5	9.2	30896	4482725000
Ulm	1996	679362	3.7	9.2	31277	4535919000
Ulm	1997	682762	3.7	8.18	31997	4790446000
Ulm	1998	692962	3.9	8.18	32081	4794097000
Ulm	1999	709537	3.5	8.18	31941	4860671000
Ulm	2000	730702	4.1	8.69	32878	5048740000
Ulm	2001	730872	2.7	8.44	33127	5135976000
Ulm	2002	736278	3	8	33489	5012232000
Ulm	2003	757503	3.8	8	33538	5273306000
Ulm	2004	772591	3.9	8	33486	5483083000
Ulm	2005	774865	4.1	8	34622	5718592000
Ulm	2006	777038	4.1	8.5	35514	5814150000
Ulm	2007	784910	4.3	9.75	36512	NA
Ulm	2008	785950	3.8	9.75	NA	NA
Wiesbaden	1990	1634634	2.4	10.74	NA	NA
Wiesbaden	1991	1711884	2.3	11.25	70964	7422872462
Wiesbaden	1992	1768884	2.3	11.76	71842	7934713000
Wiesbaden	1993	1782384	3.9	12.27	72569	8244415169
Wiesbaden	1994	1801884	5.3	12.78	72181	8594850000
Wiesbaden	1995	1810509	5	12.78	71251	8868058000
Wiesbaden	1996	1820109	4.9	12.27	71754	8918208000
Wiesbaden	1997	1839684	3.8	11.5	72705	9075394000
Wiesbaden	1998	1862259	3.5	11.5	73319	9412123000
Wiesbaden	1999	1878759	2.9	11.5	75238	9858157000
Wiesbaden	2000	1903359	2.5	11.76	75884	9883960000
Wiesbaden	2001	1960860	2.3	12.02	77022	10186346000
Wiesbaden	2002	2008555	6	11.5	76642	10171522000
Wiesbaden	2003	2046359	8.3	10.5	76272	10699701000
Wiesbaden	2004	2066834	9.7	10	76991	10815277000
Wiesbaden	2005	2071355	8.7	10	77545	11223554000
Wiesbaden	2006	2086506	8.1	10	78223	11345689000
Wiesbaden	2007	2112305	8	10	78568	NA
Wiesbaden	2008	2121681	8.2	9.8	NA	NA
Wilhelmshaven	1990	268121	2.6	5.11	NA	NA
Wilhelmshaven	1991	268801	2.6	5.62	17850	2276617322
Wilhelmshaven	1992	269226	2.6	6.14	16257	2443175000
Wilhelmshaven	1993	270926	2.6	7.16	15815	2516395304
Wilhelmshaven	1994	271351	2.6	7.16	15611	2621890000
Wilhelmshaven	1995	272201	2.6	7.16	15220	2660081000
Wilhelmshaven	1996	276366	2.5	6.14	15136	2656541000
Wilhelmshaven	1997	278831	2.5	6.14	15055	2693352000
Wilhelmshaven	1998	278831	3.6	6.14	14699	2555891000
Wilhelmshaven	1999	282316	3.5	6.39	14936	2396938000
Wilhelmshaven	2000	283591	3.9	6.65	14920	2709297000
Wilhelmshaven	2001	286311	3.8	6.65	14571	2200826000
Wilhelmshaven	2002	286736	3.8	6	14644	2072635000
Wilhelmshaven	2003	286736	3.8	6	14533	2059780000
Wilhelmshaven	2004	287586	3.8	6	14353	2198167000
Wilhelmshaven	2005	287986	4.2	6	14485	2266165000
Wilhelmshaven	2006	288951	4.3	6	14226	2336558000
Wilhelmshaven	2007	289671	4.1	5.8	14459	NA
Wilhelmshaven	2008	289671	4.1	5.5	NA	NA
Wolfsburg	1990	454177	1.5	7.67	NA	NA
Wolfsburg	1991	455027	1.5	8.18	21668	5090096870
Wolfsburg	1992	458427	1.5	8.69	22384	5276340000
Wolfsburg	1993	461657	2.2	9.71	22347	5152797407
Wolfsburg	1994	462082	2.6	9.71	21757	5238119000
Wolfsburg	1995	462932	2.6	8.69	21766	4952452000
Wolfsburg	1996	463782	3.2	8.18	22205	4685537000
Wolfsburg	1997	472622	3.8	8.18	22026	5252936000
Wolfsburg	1998	473472	3.8	8.69	22732	6945326000
Wolfsburg	1999	484777	3.7	9.2	24395	7490421000
Wolfsburg	2000	525662	2.3	9.2	26789	7447165000
Wolfsburg	2001	543512	2.8	9.2	28003	8116242000
Wolfsburg	2002	560512	1.8	10	27829	7243666000
Wolfsburg	2003	573092	2.3	9.5	29742	7416202000
Wolfsburg	2004	577257	2.6	9.5	30557	6648527000
Wolfsburg	2005	593931	2.5	9	29635	7849997000
Wolfsburg	2006	595182	3.4	9	29682	7751278000
Wolfsburg	2007	598382	3.8	9.5	29555	NA
Wolfsburg	2008	603382	4.1	9.2	NA	NA
Wuppertal	1990	1159577	1.7	7.67	NA	NA
Wuppertal	1991	1159814	1.7	8.69	61123	7621900000
Wuppertal	1992	1176517	1.7	9.71	62179	8003462000
Wuppertal	1993	1182415	3	10.23	61204	7814072000
Wuppertal	1994	1220082	3	11.25	60869	7722536000
Wuppertal	1995	1222724	3.7	10.23	58868	8009741000
Wuppertal	1996	1245655	4	9.71	58599	8167093000
Wuppertal	1997	1282656	3.9	8.18	59046	8334938000
Wuppertal	1998	1302027	4.2	7.67	58214	8722786000
Wuppertal	1999	1306493	4.2	7.16	57151	8643903000
Wuppertal	2000	1324372	4.5	6.65	57661	8996959000
Wuppertal	2001	1330380	4.5	7.16	57707	8656170000
Wuppertal	2002	1344976	4.5	6.5	56610	8688827000
Wuppertal	2003	1350570	5.9	6.5	55168	8555472000
Wuppertal	2004	1354543	7.4	6.5	54320	8849367000
Wuppertal	2005	1354419	8.1	6.5	53676	8918737000
Wuppertal	2006	1359369	8.5	6.5	52616	9013509000
Wuppertal	2007	1360947	9.2	6.7	52682	NA
Wuppertal	2008	1362387	8.8	6.8	NA	NA
Würzburg	1990	802666	1.5	8.18	NA	NA
Würzburg	1991	804953	1.5	8.69	33487	3756831644
Würzburg	1992	805803	1.5	9.2	34408	4015733000
Würzburg	1993	819985	1.8	8.69	35140	4106950767
Würzburg	1994	824994	1.8	8.69	35852	4238889000
Würzburg	1995	833070	1.8	8.69	35500	4378258000
Würzburg	1996	834141	2.4	8.18	35632	4443724000
Würzburg	1997	837541	2.4	7.67	35347	4551203000
Würzburg	1998	839496	2.4	7.67	35007	4597090000
Würzburg	1999	848506	2.1	7.67	34967	4723044000
Würzburg	2000	855051	1.9	8.18	35679	4813810000
Würzburg	2001	908105	1.7	8.18	36055	4792380000
Würzburg	2002	915330	1.9	8	35689	4760120000
Würzburg	2003	917030	3.3	8	35960	4845434000
Würzburg	2004	922130	3.3	8	35292	4918150000
Würzburg	2005	923428	4	7.7	35855	5013484000
Würzburg	2006	920985	3.8	7.4	36031	4977332000
Würzburg	2007	922523	3.8	7.5	35952	NA
Würzburg	2008	924123	3.7	7.6	NA	NA
Zwickau	1990	269133	0.9	10.23	NA	NA
Zwickau	1991	269133	1.9	11.76	NA	916723014
Zwickau	1992	269303	1.9	12.78	NA	1205819000
Zwickau	1993	271173	2.6	12.78	20460	1514242103
Zwickau	1994	276443	3.6	11.25	20212	1807997000
Zwickau	1995	294463	5.1	10.23	20728	1988446000
Zwickau	1996	309423	6.5	9.2	20558	2061813000
Zwickau	1997	316138	7.9	7.67	19817	2268181000
Zwickau	1998	320133	9.4	6.65	20546	2683031000
Zwickau	1999	333818	9	6.65	19653	2526392000
Zwickau	2000	340533	7.9	6.65	19368	2477355000
Zwickau	2001	340533	8.8	6.65	19416	2691146000
Zwickau	2002	341298	13.2	6.5	18938	2584357000
Zwickau	2003	345123	17.4	6.5	18439	2587517000
Zwickau	2004	346823	20.2	6	18436	2591095000
Zwickau	2005	347581	18.7	5.8	18473	2524020000
Zwickau	2006	349813	18.6	5.4	17617	2511136000
Zwickau	2007	350213	19.1	5.6	17793	NA
Zwickau	2008	350213	18.8	5.3	NA	NA
